<?xml version="1.0" encoding="utf-8"?>
<COLLADA xmlns="http://www.collada.org/2005/11/COLLADASchema" version="1.4.1">
  <asset><contributor><author></author><authoring_tool>FBX COLLADA exporter</authoring_tool><comments></comments></contributor><created>2017-11-18T10:48:50Z</created><keywords></keywords><modified>2017-11-18T10:48:50Z</modified><revision></revision><subject></subject><title></title><unit meter="1.000000" name="centimeter"></unit><up_axis>Y_UP</up_axis></asset>
  <library_materials>
    <material id="Car-Paint" name="Car-Paint">
      <instance_effect url="#Car-Paint-fx"/>
    </material>
  </library_materials>
  <library_effects>
    <effect id="Car-Paint-fx" name="Car-Paint">
      <profile_COMMON>
        <technique sid="standard">
          <phong>
            <emission>
              <color sid="emission">0.000000  0.000000 0.000000 1.000000</color>
            </emission>
            <ambient>
              <color sid="ambient">0.000000  0.000000 0.000000 1.000000</color>
            </ambient>
            <diffuse>
              <color sid="diffuse">0.866667  0.866667 0.866667 1.000000</color>
            </diffuse>
            <specular>
              <color sid="specular">0.189804  0.189020 0.189020 1.000000</color>
            </specular>
            <shininess>
              <float sid="shininess">522.000000</float>
            </shininess>
            <reflective>
              <color sid="reflective">0.000000  0.000000 0.000000 1.000000</color>
            </reflective>
            <reflectivity>
              <float sid="reflectivity">1.000000</float>
            </reflectivity>
            <transparent opaque="RGB_ZERO">
              <color sid="transparent">1.000000  1.000000 1.000000 1.000000</color>
            </transparent>
            <transparency>
              <float sid="transparency">0.000000</float>
            </transparency>
          </phong>
        </technique>
      </profile_COMMON>
    </effect>
  </library_effects>
  <library_geometries>
    <geometry id="french_door_final_ncl1_1-lib" name="french_door_final_ncl1_1Mesh">
      <mesh>
        <source id="french_door_final_ncl1_1-POSITION">
          <float_array id="french_door_final_ncl1_1-POSITION-array" count="558">
-21.503000 -0.725000 54.001999
-0.997000 -0.725000 54.001999
-22.503000 -0.725000 55.002998
22.503000 -0.725000 55.002998
0.997000 -0.725000 54.001999
21.503000 -0.725000 54.001999
22.503000 -1.727000 55.002998
-22.503000 -1.727000 55.002998
23.503000 -0.479000 79.002998
-23.503000 -0.479000 79.002998
-23.503000 0.023000 79.002998
23.503000 0.023000 79.002998
31.500000 0.023000 87.821968
31.500000 0.023000 89.488403
31.500000 -1.727000 89.500000
31.500000 0.023000 89.500000
31.500000 0.357000 89.487999
31.500000 1.086374 89.400925
31.500000 1.192000 89.487000
-31.500000 0.023000 89.488403
-31.500000 -1.727000 89.500000
-31.500000 0.023000 89.500000
-31.500000 1.086374 89.400925
-31.500000 0.023000 87.821968
-31.500000 0.357000 89.487999
-31.500000 1.192000 89.487000
-31.500000 1.209000 89.464996
31.500000 1.209000 89.464996
31.500000 1.727000 88.711998
-31.500000 1.727000 88.711998
0.997000 -0.725000 -12.002000
0.997000 -0.725000 -13.998000
21.503000 -0.725000 -12.002000
-21.503000 -0.725000 -13.998000
-0.997000 -0.725000 -13.998000
-0.997000 -0.725000 -12.002000
-21.503000 -0.725000 -12.002000
-22.503000 -0.725000 -80.502998
21.503000 -0.725000 -13.998000
22.503000 -0.725000 -80.502998
0.997000 -0.725000 21.997999
0.997000 -0.725000 20.002001
21.503000 -0.725000 21.997999
-21.503000 -0.725000 20.002001
-0.997000 -0.725000 20.002001
-0.997000 -0.725000 21.997999
-21.503000 -0.725000 21.997999
21.503000 -0.725000 20.002001
0.997000 0.773000 54.001999
21.497999 0.023000 64.998001
21.497999 -0.479000 64.998001
21.497999 -0.479000 64.997002
21.497999 0.023000 64.997002
21.497999 0.023000 76.997002
21.497999 -0.479000 76.997002
21.497999 -0.479000 67.001999
21.497999 0.023000 67.001999
-23.503000 -0.479000 76.997002
-23.503000 0.023000 76.997002
-23.502001 -0.479000 76.997002
-23.502001 0.023000 76.997002
-21.497999 0.023000 76.997002
-21.497999 -0.479000 76.997002
-23.502001 0.023000 64.998001
-23.502001 -0.479000 64.998001
-23.502001 -0.479000 64.997002
-23.502001 0.023000 64.997002
-23.502001 -0.479000 67.001999
-23.502001 0.023000 67.001999
-23.503000 0.023000 67.001999
-23.503000 -0.479000 67.001999
-23.503000 -0.479000 64.998001
-23.503000 0.023000 64.998001
-21.497999 0.023000 64.997002
-21.497999 -0.479000 64.997002
-21.497999 -0.479000 64.998001
-21.497999 0.023000 64.998001
-21.497999 -0.479000 67.001999
-21.497999 0.023000 67.001999
23.502001 0.023000 64.997002
23.502001 -0.479000 64.997002
23.502001 -0.479000 64.998001
23.502001 0.023000 64.998001
23.502001 -0.479000 76.997002
23.502001 0.023000 76.997002
23.502001 -0.479000 67.001999
23.502001 0.023000 67.001999
23.503000 0.023000 76.997002
23.503000 -0.479000 76.997002
23.503000 0.023000 64.998001
23.503000 -0.479000 64.998001
23.503000 -0.479000 67.001999
23.503000 0.023000 67.001999
31.500000 -1.229000 -44.498001
23.497000 -1.229000 -44.498001
31.500000 -0.724000 -44.498001
23.497000 -0.724000 -44.498001
0.997000 0.773000 -46.001999
0.997000 -0.725000 -46.001999
21.503000 -0.725000 -46.001999
-0.997000 0.773000 -46.001999
-21.503000 0.773000 -46.001999
-0.997000 -0.725000 -46.001999
0.997000 0.773000 -47.998001
0.997000 -0.725000 -47.998001
0.997000 -0.725000 -80.001999
-31.500000 -1.230000 -69.501999
-23.497000 -1.230000 -69.501999
-23.497000 -0.725000 -69.501999
-31.500000 -0.725000 -69.501999
-21.503000 -0.725000 -80.001999
-21.503000 -0.725000 -47.998001
-0.997000 0.773000 -80.001999
-0.997000 -0.725000 -80.001999
-0.997000 -0.725000 -47.998001
21.503000 0.773000 -80.001999
21.503000 -0.725000 -80.001999
21.503000 -0.725000 -47.998001
23.497000 -0.724000 -69.501999
23.497000 -1.229000 -69.501999
31.500000 -1.229000 -69.501999
31.500000 -0.724000 -69.501999
-22.503000 -1.727000 -80.502998
22.503000 -1.727000 -80.502998
-21.503000 0.773000 -47.998001
-23.497000 -1.230000 -44.498001
-23.497000 -0.725000 -44.498001
-31.500000 -1.230000 -44.498001
-21.503000 -0.725000 -46.001999
-31.500000 -0.724000 45.498001
-23.497000 -0.724000 45.498001
-31.500000 -0.724000 70.501999
-31.500000 -1.229000 45.498001
-23.497000 -1.229000 45.498001
23.497000 -1.229000 45.498001
23.497000 -0.724000 45.498001
23.497000 -1.229000 70.501999
23.497000 -0.724000 70.501999
31.500000 -0.724000 45.498001
31.500000 -1.229000 45.498001
0.997000 0.773000 21.997999
-21.503000 0.773000 21.997999
0.997000 0.773000 -12.002000
-21.503000 0.773000 -12.002000
-21.503000 0.773000 -13.998000
-31.500000 -0.725000 -44.498001
-0.997000 0.773000 -13.998000
21.503000 0.773000 -13.998000
21.503000 0.773000 -46.001999
-23.500000 0.023000 56.000000
23.500000 0.023000 56.000000
-31.500000 0.023000 20.002001
-31.500000 -1.727000 21.997999
-31.500000 0.023000 -89.500000
-31.500000 -1.727000 -89.500000
-23.497000 -0.724000 70.501999
-23.497000 -1.229000 70.501999
-31.500000 -1.229000 70.501999
31.500000 -0.724000 70.501999
31.500000 -1.229000 70.501999
21.503000 0.773000 21.997999
-0.997000 0.773000 21.997999
0.997000 0.773000 20.002001
-21.503000 0.773000 20.002001
-0.997000 0.773000 20.002001
-0.997000 0.773000 -12.002000
21.503000 0.773000 20.002001
21.503000 0.773000 -12.002000
0.997000 0.773000 -13.998000
0.997000 0.773000 -80.001999
-21.503000 0.773000 -80.001999
-0.997000 0.773000 -47.998001
21.503000 0.773000 -47.998001
21.503000 0.773000 54.001999
-21.503000 0.773000 54.001999
-0.997000 0.773000 54.001999
31.500000 0.023000 -13.998000
-23.500000 0.023000 -82.000000
23.500000 0.023000 -82.000000
31.500000 0.023000 -89.500000
-23.500000 0.773000 56.000000
23.500000 0.773000 56.000000
-23.500000 0.773000 -82.000000
23.500000 0.773000 -82.000000
31.500000 -1.727000 -89.500000
31.500000 -1.727000 21.997999
</float_array>
          <technique_common>
            <accessor source="#french_door_final_ncl1_1-POSITION-array" count="186" stride="3">
              <param name="X" type="float"/>
              <param name="Y" type="float"/>
              <param name="Z" type="float"/>
            </accessor>
          </technique_common>
        </source>
        <vertices id="french_door_final_ncl1_1-VERTEX">
          <input semantic="POSITION" source="#french_door_final_ncl1_1-POSITION"/>
        </vertices>
        <polylist count="400" material="Car-Paint"><input semantic="VERTEX" offset="0" source="#french_door_final_ncl1_1-VERTEX"/><vcount>3 3 3 3 3 3 3 3 3 3 3 3 3 3 3 3 3 3 3 3 3 3 3 3 3 3 3 3 3 3 3 3 3 3 3 3 3 3 3 3 3 3 3 3 3 3 3 3 3 3 3 3 3 3 3 3 3 3 3 3 3 3 3 3 3 3 3 3 3 3 3 3 3 3 3 3 3 3 3 3 3 3 3 3 3 3 3 3 3 3 3 3 3 3 3 3 3 3 3 3 3 3 3 3 3 3 3 3 3 3 3 3 3 3 3 3 3 3 3 3 3 3 3 3 3 3 3 3 3 3 3 3 3 3 3 3 3 3 3 3 3 3 3 3 3 3 3 3 3 3 3 3 3 3 3 3 3 3 3 3 3 3 3 3 3 3 3 3 3 3 3 3 3 3 3 3 3 3 3 3 3 3 3 3 3 3 3 3 3 3 3 3 3 3 3 3 3 3 3 3 3 3 3 3 3 3 3 3 3 3 3 3 3 3 3 3 3 3 3 3 3 3 3 3 3 3 3 3 3 3 3 3 3 3 3 3 3 3 3 3 3 3 3 3 3 3 3 3 3 3 3 3 3 3 3 3 3 3 3 3 3 3 3 3 3 3 3 3 3 3 3 3 3 3 3 3 3 3 3 3 3 3 3 3 3 3 3 3 3 3 3 3 3 3 3 3 3 3 3 3 3 3 3 3 3 3 3 3 3 3 3 3 3 3 3 3 3 3 3 3 3 3 3 3 3 3 3 3 3 3 3 3 3 3 3 3 3 3 3 3 3 3 3 3 3 3 3 3 3 3 3 3 3 3 3 3 3 3 3 3 3 3 3 3 3 3 3 3 3 3 3 3 3 3 3 3 3 3 3 3 3 3 3 3 3 3 3 3 3 3 3 3 3 3 3 3 3 3 3 3 </vcount><p> 0 1 2 3 2 1 3 1 4 3 4 5 2 3 6 6 7 2 8 9 10 8 10 11 12 13 14 13 15 14 13 12 16 17 16 12 18 16 17 19 20 21 22 23 24 25 22 24 17 22 25 17 25 18 15 21 20 15 20 14 13 19 21 13 21 15 24 19 13 24 13 16 25 24 16 25 16 18 26 22 17 26 17 27 27 17 28 12 28 17 12 11 23 12 23 29 12 29 28 26 29 22 29 23 22 19 24 23 30 31 32 33 34 35 36 33 35 2 37 36 30 35 34 34 31 30 31 38 32 39 32 38 40 41 42 43 44 45 46 43 45 2 43 46 40 45 44 44 41 40 41 47 42 3 42 47 5 4 48 49 50 51 49 51 52 53 54 55 53 55 56 10 9 57 10 57 58 59 60 58 59 58 57 53 61 62 53 62 54 63 64 65 63 65 66 59 67 68 59 68 60 69 70 71 69 71 72 63 72 71 63 71 64 70 69 68 70 68 67 73 74 75 73 75 76 62 61 77 78 77 61 49 76 75 49 75 50 78 56 55 78 55 77 79 80 81 79 81 82 83 84 85 86 85 84 87 88 8 87 8 11 88 87 84 88 84 83 89 90 91 89 91 92 90 89 82 90 82 81 86 92 91 86 91 85 55 85 81 80 51 81 51 50 81 55 81 50 67 77 64 77 75 64 65 64 75 65 75 74 71 70 67 71 67 64 50 75 77 50 77 55 91 90 81 91 81 85 85 55 83 55 54 83 8 83 54 8 54 62 59 9 62 57 9 59 8 62 9 77 67 59 77 59 62 8 88 83 93 94 95 95 94 96 97 98 99 100 101 102 103 104 105 106 107 108 106 108 109 37 110 111 112 113 114 104 114 113 104 113 105 115 116 117 118 119 120 118 120 121 117 116 39 105 116 115 110 113 112 116 105 39 37 39 105 105 113 37 113 110 37 37 122 123 37 123 39 114 111 124 103 117 104 120 119 93 94 93 119 94 119 96 118 96 119 107 125 108 126 108 125 107 106 125 127 125 106 108 126 109 38 99 39 98 104 99 111 114 102 128 37 111 102 128 111 98 102 114 114 104 98 104 117 99 129 130 131 132 133 130 132 130 129 4 1 45 4 45 40 134 135 136 137 136 135 5 42 3 137 135 138 134 139 135 138 135 139 140 40 42 141 46 45 41 30 142 43 36 143 43 2 36 41 44 35 41 35 30 123 6 39 3 39 6 39 3 32 47 32 3 142 30 32 143 36 35 98 97 31 33 128 144 126 145 109 145 126 125 145 125 127 37 2 122 128 33 37 33 36 37 34 146 102 31 34 102 31 102 98 147 148 99 99 38 147 99 117 39 121 95 96 121 96 118 60 68 58 68 69 58 23 58 69 73 76 49 73 49 52 56 78 61 56 61 53 12 87 11 12 89 92 82 89 79 86 84 92 84 87 92 87 12 92 73 149 66 52 150 73 79 89 150 12 150 89 52 79 150 150 149 73 151 23 149 11 10 23 152 20 132 132 129 152 152 151 127 153 154 109 106 109 154 155 130 133 155 133 156 157 156 133 138 158 137 130 155 131 159 136 137 159 137 158 131 155 156 131 156 157 52 51 80 52 80 79 66 65 74 66 74 73 159 139 136 134 136 139 140 42 160 45 161 141 162 41 142 163 43 143 44 164 35 165 35 164 47 166 32 167 32 166 142 32 167 143 35 165 31 97 168 128 101 144 100 102 146 97 99 148 128 102 101 103 105 169 111 110 124 170 124 110 112 114 171 117 172 115 169 105 115 170 110 112 103 172 117 114 124 171 147 38 168 31 168 38 146 34 144 33 144 34 166 47 162 41 162 47 43 163 164 43 164 44 48 173 5 0 174 175 0 175 1 176 150 12 153 177 178 153 178 179 179 178 176 150 176 178 177 153 151 149 177 151 10 58 23 72 149 23 69 72 23 63 66 72 66 149 72 127 106 154 127 154 152 151 153 145 109 145 153 145 127 151 152 129 151 151 129 23 20 23 157 131 157 23 157 132 20 131 23 129 19 23 20 48 4 40 48 40 140 141 174 0 46 141 0 0 2 46 157 133 132 122 2 7 176 95 179 158 12 159 12 14 159 14 139 159 176 12 138 180 149 150 180 150 181 177 182 183 177 183 178 150 178 183 183 181 150 141 163 180 48 140 161 48 161 175 181 160 173 162 142 165 162 165 164 166 181 167 183 167 181 144 101 182 168 97 100 168 100 146 183 148 147 170 182 124 103 169 112 103 112 171 183 115 172 182 170 112 182 112 169 115 183 169 182 169 183 101 100 171 171 124 101 124 182 101 103 171 100 100 97 103 172 103 97 97 148 172 148 183 172 165 142 168 143 165 146 182 143 144 146 144 143 168 146 165 147 168 142 142 167 147 183 147 167 141 161 164 164 163 141 163 143 180 182 180 143 162 164 161 161 140 162 166 162 140 140 160 166 181 166 160 180 181 48 175 180 48 174 180 175 174 141 180 173 48 181 177 149 182 182 149 180 175 161 1 45 1 161 42 5 160 160 5 173 29 26 27 29 27 28 154 153 179 154 179 184 123 185 6 184 123 122 184 122 154 184 185 123 154 122 152 122 7 152 7 14 20 6 14 7 6 185 14 152 7 20 139 185 138 185 139 14 138 185 176 158 138 12 93 176 185 121 179 95 95 176 93 121 184 179 120 184 121 185 184 93 120 93 184</p></polylist>
      </mesh>
    </geometry>
  </library_geometries>
  <library_animations>
    <animation id="CameraPreset-anim" name="CameraPreset"><animation><source id="CameraPreset-Matrix-animation-input"><float_array id="CameraPreset-Matrix-animation-input-array" count="361">

0.000000 0.033333 0.066667 0.100000 0.133333 0.166667 0.200000 0.233333 0.266667 0.300000 0.333333 0.366667 0.400000 0.433333 0.466667 0.500000
0.533333 0.566667 0.600000 0.633333 0.666667 0.700000 0.733333 0.766667 0.800000 0.833333 0.866667 0.900000 0.933333 0.966667 1.000000 1.033333
1.066667 1.100000 1.133333 1.166667 1.200000 1.233333 1.266667 1.300000 1.333333 1.366667 1.400000 1.433333 1.466667 1.500000 1.533333 1.566667
1.600000 1.633333 1.666667 1.700000 1.733333 1.766667 1.800000 1.833333 1.866667 1.900000 1.933333 1.966667 2.000000 2.033333 2.066667 2.100000
2.133333 2.166667 2.200000 2.233333 2.266667 2.300000 2.333333 2.366667 2.400000 2.433333 2.466667 2.500000 2.533333 2.566667 2.600000 2.633333
2.666667 2.700000 2.733333 2.766667 2.800000 2.833333 2.866667 2.900000 2.933333 2.966667 3.000000 3.033333 3.066667 3.100000 3.133333 3.166667
3.200000 3.233333 3.266667 3.300000 3.333333 3.366667 3.400000 3.433333 3.466667 3.500000 3.533333 3.566667 3.600000 3.633333 3.666667 3.700000
3.733333 3.766667 3.800000 3.833333 3.866667 3.900000 3.933333 3.966667 4.000000 4.033333 4.066667 4.100000 4.133333 4.166667 4.200000 4.233333
4.266667 4.300000 4.333333 4.366667 4.400000 4.433333 4.466667 4.500000 4.533333 4.566667 4.600000 4.633333 4.666667 4.700000 4.733333 4.766667
4.800000 4.833333 4.866667 4.900000 4.933333 4.966667 5.000000 5.033333 5.066667 5.100000 5.133333 5.166667 5.200000 5.233333 5.266667 5.300000
5.333333 5.366667 5.400000 5.433333 5.466667 5.500000 5.533333 5.566667 5.600000 5.633333 5.666667 5.700000 5.733333 5.766667 5.800000 5.833333
5.866667 5.900000 5.933333 5.966667 6.000000 6.033333 6.066667 6.100000 6.133333 6.166667 6.200000 6.233333 6.266667 6.300000 6.333333 6.366667
6.400000 6.433333 6.466667 6.500000 6.533333 6.566667 6.600000 6.633333 6.666667 6.700000 6.733333 6.766667 6.800000 6.833333 6.866667 6.900000
6.933333 6.966667 7.000000 7.033333 7.066667 7.100000 7.133333 7.166667 7.200000 7.233333 7.266667 7.300000 7.333333 7.366667 7.400000 7.433333
7.466667 7.500000 7.533333 7.566667 7.600000 7.633333 7.666667 7.700000 7.733333 7.766667 7.800000 7.833333 7.866667 7.900000 7.933333 7.966667
8.000000 8.033333 8.066667 8.100000 8.133333 8.166667 8.200000 8.233333 8.266667 8.300000 8.333333 8.366667 8.400000 8.433333 8.466667 8.500000
8.533333 8.566667 8.600000 8.633333 8.666667 8.700000 8.733333 8.766667 8.800000 8.833333 8.866667 8.900000 8.933333 8.966667 9.000000 9.033333
9.066667 9.100000 9.133333 9.166667 9.200000 9.233333 9.266667 9.300000 9.333333 9.366667 9.400000 9.433333 9.466667 9.500000 9.533333 9.566667
9.600000 9.633333 9.666667 9.700000 9.733333 9.766667 9.800000 9.833333 9.866667 9.900000 9.933333 9.966667 10.000000 10.033333 10.066667 10.100000
10.133333 10.166667 10.200000 10.233333 10.266667 10.300000 10.333333 10.366667 10.400000 10.433333 10.466667 10.500000 10.533333 10.566667 10.600000 10.633333
10.666667 10.700000 10.733333 10.766667 10.800000 10.833333 10.866667 10.900000 10.933333 10.966667 11.000000 11.033333 11.066667 11.100000 11.133333 11.166667
11.200000 11.233333 11.266667 11.300000 11.333333 11.366667 11.400000 11.433333 11.466667 11.500000 11.533333 11.566667 11.600000 11.633333 11.666667 11.700000
11.733333 11.766667 11.800000 11.833333 11.866667 11.900000 11.933333 11.966667 12.000000</float_array><technique_common><accessor source="#CameraPreset-Matrix-animation-input-array" count="361"><param name="TIME" type="float"/></accessor></technique_common></source><source id="CameraPreset-Matrix-animation-output-transform"><float_array id="CameraPreset-Matrix-animation-output-transform-array" count="5776">

1.000000 0.000000 0.000000 -4.507300 0.000000 1.000000 0.000000 0.198600 0.000000 0.000000 1.000000 -25.819300 0.000000 0.000000 0.000000 1.000000
0.999848 0.000000 0.017452 -4.507300 0.000000 1.000000 0.000000 0.198600 -0.017452 0.000000 0.999848 -25.819300 0.000000 0.000000 0.000000 1.000000
0.999391 0.000000 0.034899 -4.507300 0.000000 1.000000 0.000000 0.198600 -0.034899 0.000000 0.999391 -25.819300 0.000000 0.000000 0.000000 1.000000
0.998630 0.000000 0.052336 -4.507300 0.000000 1.000000 0.000000 0.198600 -0.052336 0.000000 0.998630 -25.819300 0.000000 0.000000 0.000000 1.000000
0.997564 0.000000 0.069756 -4.507300 0.000000 1.000000 0.000000 0.198600 -0.069756 0.000000 0.997564 -25.819300 0.000000 0.000000 0.000000 1.000000
0.996195 0.000000 0.087156 -4.507300 0.000000 1.000000 0.000000 0.198600 -0.087156 0.000000 0.996195 -25.819300 0.000000 0.000000 0.000000 1.000000
0.994522 0.000000 0.104528 -4.507300 0.000000 1.000000 0.000000 0.198600 -0.104528 0.000000 0.994522 -25.819300 0.000000 0.000000 0.000000 1.000000
0.992546 0.000000 0.121869 -4.507300 0.000000 1.000000 0.000000 0.198600 -0.121869 0.000000 0.992546 -25.819300 0.000000 0.000000 0.000000 1.000000
0.990268 0.000000 0.139173 -4.507300 0.000000 1.000000 0.000000 0.198600 -0.139173 0.000000 0.990268 -25.819300 0.000000 0.000000 0.000000 1.000000
0.987688 0.000000 0.156434 -4.507300 0.000000 1.000000 0.000000 0.198600 -0.156434 0.000000 0.987688 -25.819300 0.000000 0.000000 0.000000 1.000000
0.984808 0.000000 0.173648 -4.507300 0.000000 1.000000 0.000000 0.198600 -0.173648 0.000000 0.984808 -25.819300 0.000000 0.000000 0.000000 1.000000
0.981627 0.000000 0.190809 -4.507300 0.000000 1.000000 0.000000 0.198600 -0.190809 0.000000 0.981627 -25.819300 0.000000 0.000000 0.000000 1.000000
0.978148 0.000000 0.207912 -4.507300 0.000000 1.000000 0.000000 0.198600 -0.207912 0.000000 0.978148 -25.819300 0.000000 0.000000 0.000000 1.000000
0.974370 0.000000 0.224951 -4.507300 0.000000 1.000000 0.000000 0.198600 -0.224951 0.000000 0.974370 -25.819300 0.000000 0.000000 0.000000 1.000000
0.970296 0.000000 0.241922 -4.507300 0.000000 1.000000 0.000000 0.198600 -0.241922 0.000000 0.970296 -25.819300 0.000000 0.000000 0.000000 1.000000
0.965926 0.000000 0.258819 -4.507300 0.000000 1.000000 0.000000 0.198600 -0.258819 0.000000 0.965926 -25.819300 0.000000 0.000000 0.000000 1.000000
0.961262 0.000000 0.275637 -4.507300 0.000000 1.000000 0.000000 0.198600 -0.275637 0.000000 0.961262 -25.819300 0.000000 0.000000 0.000000 1.000000
0.956305 0.000000 0.292372 -4.507300 0.000000 1.000000 0.000000 0.198600 -0.292372 0.000000 0.956305 -25.819300 0.000000 0.000000 0.000000 1.000000
0.951057 0.000000 0.309017 -4.507300 0.000000 1.000000 0.000000 0.198600 -0.309017 0.000000 0.951057 -25.819300 0.000000 0.000000 0.000000 1.000000
0.945519 0.000000 0.325568 -4.507300 0.000000 1.000000 0.000000 0.198600 -0.325568 0.000000 0.945519 -25.819300 0.000000 0.000000 0.000000 1.000000
0.939693 0.000000 0.342020 -4.507300 0.000000 1.000000 0.000000 0.198600 -0.342020 0.000000 0.939693 -25.819300 0.000000 0.000000 0.000000 1.000000
0.933580 0.000000 0.358368 -4.507300 0.000000 1.000000 0.000000 0.198600 -0.358368 0.000000 0.933580 -25.819300 0.000000 0.000000 0.000000 1.000000
0.927184 0.000000 0.374607 -4.507300 0.000000 1.000000 0.000000 0.198600 -0.374607 0.000000 0.927184 -25.819300 0.000000 0.000000 0.000000 1.000000
0.920505 0.000000 0.390731 -4.507300 0.000000 1.000000 0.000000 0.198600 -0.390731 0.000000 0.920505 -25.819300 0.000000 0.000000 0.000000 1.000000
0.913545 0.000000 0.406737 -4.507300 0.000000 1.000000 0.000000 0.198600 -0.406737 0.000000 0.913545 -25.819300 0.000000 0.000000 0.000000 1.000000
0.906308 0.000000 0.422618 -4.507300 0.000000 1.000000 0.000000 0.198600 -0.422618 0.000000 0.906308 -25.819300 0.000000 0.000000 0.000000 1.000000
0.898794 0.000000 0.438371 -4.507300 0.000000 1.000000 0.000000 0.198600 -0.438371 0.000000 0.898794 -25.819300 0.000000 0.000000 0.000000 1.000000
0.891007 0.000000 0.453990 -4.507300 0.000000 1.000000 0.000000 0.198600 -0.453990 0.000000 0.891007 -25.819300 0.000000 0.000000 0.000000 1.000000
0.882948 0.000000 0.469472 -4.507300 0.000000 1.000000 0.000000 0.198600 -0.469472 0.000000 0.882948 -25.819300 0.000000 0.000000 0.000000 1.000000
0.874620 0.000000 0.484810 -4.507300 0.000000 1.000000 0.000000 0.198600 -0.484810 0.000000 0.874620 -25.819300 0.000000 0.000000 0.000000 1.000000
0.866025 0.000000 0.500000 -4.507300 0.000000 1.000000 0.000000 0.198600 -0.500000 0.000000 0.866025 -25.819300 0.000000 0.000000 0.000000 1.000000
0.857167 0.000000 0.515038 -4.507300 0.000000 1.000000 0.000000 0.198600 -0.515038 0.000000 0.857167 -25.819300 0.000000 0.000000 0.000000 1.000000
0.848048 0.000000 0.529919 -4.507300 0.000000 1.000000 0.000000 0.198600 -0.529919 0.000000 0.848048 -25.819300 0.000000 0.000000 0.000000 1.000000
0.838671 0.000000 0.544639 -4.507300 0.000000 1.000000 0.000000 0.198600 -0.544639 0.000000 0.838671 -25.819300 0.000000 0.000000 0.000000 1.000000
0.829038 0.000000 0.559193 -4.507300 0.000000 1.000000 0.000000 0.198600 -0.559193 0.000000 0.829038 -25.819300 0.000000 0.000000 0.000000 1.000000
0.819152 0.000000 0.573576 -4.507300 0.000000 1.000000 0.000000 0.198600 -0.573576 0.000000 0.819152 -25.819300 0.000000 0.000000 0.000000 1.000000
0.809017 0.000000 0.587785 -4.507300 0.000000 1.000000 0.000000 0.198600 -0.587785 0.000000 0.809017 -25.819300 0.000000 0.000000 0.000000 1.000000
0.798636 0.000000 0.601815 -4.507300 0.000000 1.000000 0.000000 0.198600 -0.601815 0.000000 0.798636 -25.819300 0.000000 0.000000 0.000000 1.000000
0.788011 0.000000 0.615661 -4.507300 0.000000 1.000000 0.000000 0.198600 -0.615661 0.000000 0.788011 -25.819300 0.000000 0.000000 0.000000 1.000000
0.777146 0.000000 0.629320 -4.507300 0.000000 1.000000 0.000000 0.198600 -0.629320 0.000000 0.777146 -25.819300 0.000000 0.000000 0.000000 1.000000
0.766044 0.000000 0.642788 -4.507300 0.000000 1.000000 0.000000 0.198600 -0.642788 0.000000 0.766044 -25.819300 0.000000 0.000000 0.000000 1.000000
0.754710 0.000000 0.656059 -4.507300 0.000000 1.000000 0.000000 0.198600 -0.656059 0.000000 0.754710 -25.819300 0.000000 0.000000 0.000000 1.000000
0.743145 0.000000 0.669131 -4.507300 0.000000 1.000000 0.000000 0.198600 -0.669131 0.000000 0.743145 -25.819300 0.000000 0.000000 0.000000 1.000000
0.731354 0.000000 0.681998 -4.507300 0.000000 1.000000 0.000000 0.198600 -0.681998 0.000000 0.731354 -25.819300 0.000000 0.000000 0.000000 1.000000
0.719340 0.000000 0.694658 -4.507300 0.000000 1.000000 0.000000 0.198600 -0.694658 0.000000 0.719340 -25.819300 0.000000 0.000000 0.000000 1.000000
0.707107 0.000000 0.707107 -4.507300 0.000000 1.000000 0.000000 0.198600 -0.707107 0.000000 0.707107 -25.819300 0.000000 0.000000 0.000000 1.000000
0.694658 0.000000 0.719340 -4.507300 0.000000 1.000000 0.000000 0.198600 -0.719340 0.000000 0.694658 -25.819300 0.000000 0.000000 0.000000 1.000000
0.681998 0.000000 0.731354 -4.507300 0.000000 1.000000 0.000000 0.198600 -0.731354 0.000000 0.681998 -25.819300 0.000000 0.000000 0.000000 1.000000
0.669131 0.000000 0.743145 -4.507300 0.000000 1.000000 0.000000 0.198600 -0.743145 0.000000 0.669131 -25.819300 0.000000 0.000000 0.000000 1.000000
0.656059 0.000000 0.754710 -4.507300 0.000000 1.000000 0.000000 0.198600 -0.754710 0.000000 0.656059 -25.819300 0.000000 0.000000 0.000000 1.000000
0.642788 0.000000 0.766044 -4.507300 0.000000 1.000000 0.000000 0.198600 -0.766044 0.000000 0.642788 -25.819300 0.000000 0.000000 0.000000 1.000000
0.629320 0.000000 0.777146 -4.507300 0.000000 1.000000 0.000000 0.198600 -0.777146 0.000000 0.629320 -25.819300 0.000000 0.000000 0.000000 1.000000
0.615661 0.000000 0.788011 -4.507300 0.000000 1.000000 0.000000 0.198600 -0.788011 0.000000 0.615661 -25.819300 0.000000 0.000000 0.000000 1.000000
0.601815 0.000000 0.798636 -4.507300 0.000000 1.000000 0.000000 0.198600 -0.798636 0.000000 0.601815 -25.819300 0.000000 0.000000 0.000000 1.000000
0.587785 0.000000 0.809017 -4.507300 0.000000 1.000000 0.000000 0.198600 -0.809017 0.000000 0.587785 -25.819300 0.000000 0.000000 0.000000 1.000000
0.573576 0.000000 0.819152 -4.507300 0.000000 1.000000 0.000000 0.198600 -0.819152 0.000000 0.573576 -25.819300 0.000000 0.000000 0.000000 1.000000
0.559193 0.000000 0.829038 -4.507300 0.000000 1.000000 0.000000 0.198600 -0.829038 0.000000 0.559193 -25.819300 0.000000 0.000000 0.000000 1.000000
0.544639 0.000000 0.838671 -4.507300 0.000000 1.000000 0.000000 0.198600 -0.838671 0.000000 0.544639 -25.819300 0.000000 0.000000 0.000000 1.000000
0.529919 0.000000 0.848048 -4.507300 0.000000 1.000000 0.000000 0.198600 -0.848048 0.000000 0.529919 -25.819300 0.000000 0.000000 0.000000 1.000000
0.515038 0.000000 0.857167 -4.507300 0.000000 1.000000 0.000000 0.198600 -0.857167 0.000000 0.515038 -25.819300 0.000000 0.000000 0.000000 1.000000
0.500000 0.000000 0.866025 -4.507300 0.000000 1.000000 0.000000 0.198600 -0.866025 0.000000 0.500000 -25.819300 0.000000 0.000000 0.000000 1.000000
0.484810 0.000000 0.874620 -4.507300 0.000000 1.000000 0.000000 0.198600 -0.874620 0.000000 0.484810 -25.819300 0.000000 0.000000 0.000000 1.000000
0.469472 0.000000 0.882948 -4.507300 0.000000 1.000000 0.000000 0.198600 -0.882948 0.000000 0.469472 -25.819300 0.000000 0.000000 0.000000 1.000000
0.453990 0.000000 0.891007 -4.507300 0.000000 1.000000 0.000000 0.198600 -0.891007 0.000000 0.453990 -25.819300 0.000000 0.000000 0.000000 1.000000
0.438371 0.000000 0.898794 -4.507300 0.000000 1.000000 0.000000 0.198600 -0.898794 0.000000 0.438371 -25.819300 0.000000 0.000000 0.000000 1.000000
0.422618 0.000000 0.906308 -4.507300 0.000000 1.000000 0.000000 0.198600 -0.906308 0.000000 0.422618 -25.819300 0.000000 0.000000 0.000000 1.000000
0.406737 0.000000 0.913545 -4.507300 0.000000 1.000000 0.000000 0.198600 -0.913545 0.000000 0.406737 -25.819300 0.000000 0.000000 0.000000 1.000000
0.390731 0.000000 0.920505 -4.507300 0.000000 1.000000 0.000000 0.198600 -0.920505 0.000000 0.390731 -25.819300 0.000000 0.000000 0.000000 1.000000
0.374607 0.000000 0.927184 -4.507300 0.000000 1.000000 0.000000 0.198600 -0.927184 0.000000 0.374607 -25.819300 0.000000 0.000000 0.000000 1.000000
0.358368 0.000000 0.933580 -4.507300 0.000000 1.000000 0.000000 0.198600 -0.933580 0.000000 0.358368 -25.819300 0.000000 0.000000 0.000000 1.000000
0.342020 0.000000 0.939693 -4.507300 0.000000 1.000000 0.000000 0.198600 -0.939693 0.000000 0.342020 -25.819300 0.000000 0.000000 0.000000 1.000000
0.325568 0.000000 0.945519 -4.507300 0.000000 1.000000 0.000000 0.198600 -0.945519 0.000000 0.325568 -25.819300 0.000000 0.000000 0.000000 1.000000
0.309017 0.000000 0.951057 -4.507300 0.000000 1.000000 0.000000 0.198600 -0.951057 0.000000 0.309017 -25.819300 0.000000 0.000000 0.000000 1.000000
0.292372 0.000000 0.956305 -4.507300 0.000000 1.000000 0.000000 0.198600 -0.956305 0.000000 0.292372 -25.819300 0.000000 0.000000 0.000000 1.000000
0.275637 0.000000 0.961262 -4.507300 0.000000 1.000000 0.000000 0.198600 -0.961262 0.000000 0.275637 -25.819300 0.000000 0.000000 0.000000 1.000000
0.258819 0.000000 0.965926 -4.507300 0.000000 1.000000 0.000000 0.198600 -0.965926 0.000000 0.258819 -25.819300 0.000000 0.000000 0.000000 1.000000
0.241922 0.000000 0.970296 -4.507300 0.000000 1.000000 0.000000 0.198600 -0.970296 0.000000 0.241922 -25.819300 0.000000 0.000000 0.000000 1.000000
0.224951 0.000000 0.974370 -4.507300 0.000000 1.000000 0.000000 0.198600 -0.974370 0.000000 0.224951 -25.819300 0.000000 0.000000 0.000000 1.000000
0.207912 0.000000 0.978148 -4.507300 0.000000 1.000000 0.000000 0.198600 -0.978148 0.000000 0.207912 -25.819300 0.000000 0.000000 0.000000 1.000000
0.190809 0.000000 0.981627 -4.507300 0.000000 1.000000 0.000000 0.198600 -0.981627 0.000000 0.190809 -25.819300 0.000000 0.000000 0.000000 1.000000
0.173648 0.000000 0.984808 -4.507300 0.000000 1.000000 0.000000 0.198600 -0.984808 0.000000 0.173648 -25.819300 0.000000 0.000000 0.000000 1.000000
0.156434 0.000000 0.987688 -4.507300 0.000000 1.000000 0.000000 0.198600 -0.987688 0.000000 0.156434 -25.819300 0.000000 0.000000 0.000000 1.000000
0.139173 0.000000 0.990268 -4.507300 0.000000 1.000000 0.000000 0.198600 -0.990268 0.000000 0.139173 -25.819300 0.000000 0.000000 0.000000 1.000000
0.121869 0.000000 0.992546 -4.507300 0.000000 1.000000 0.000000 0.198600 -0.992546 0.000000 0.121869 -25.819300 0.000000 0.000000 0.000000 1.000000
0.104528 0.000000 0.994522 -4.507300 0.000000 1.000000 0.000000 0.198600 -0.994522 0.000000 0.104528 -25.819300 0.000000 0.000000 0.000000 1.000000
0.087156 0.000000 0.996195 -4.507300 0.000000 1.000000 0.000000 0.198600 -0.996195 0.000000 0.087156 -25.819300 0.000000 0.000000 0.000000 1.000000
0.069756 0.000000 0.997564 -4.507300 0.000000 1.000000 0.000000 0.198600 -0.997564 0.000000 0.069756 -25.819300 0.000000 0.000000 0.000000 1.000000
0.052336 0.000000 0.998630 -4.507300 0.000000 1.000000 0.000000 0.198600 -0.998630 0.000000 0.052336 -25.819300 0.000000 0.000000 0.000000 1.000000
0.034899 0.000000 0.999391 -4.507300 0.000000 1.000000 0.000000 0.198600 -0.999391 0.000000 0.034899 -25.819300 0.000000 0.000000 0.000000 1.000000
0.017452 0.000000 0.999848 -4.507300 0.000000 1.000000 0.000000 0.198600 -0.999848 0.000000 0.017452 -25.819300 0.000000 0.000000 0.000000 1.000000
0.000000 0.000000 1.000000 -4.507300 0.000000 1.000000 0.000000 0.198600 -1.000000 0.000000 0.000000 -25.819300 0.000000 0.000000 0.000000 1.000000
-0.017452 0.000000 0.999848 -4.507300 0.000000 1.000000 0.000000 0.198600 -0.999848 0.000000 -0.017452 -25.819300 0.000000 0.000000 0.000000 1.000000
-0.034899 0.000000 0.999391 -4.507300 0.000000 1.000000 0.000000 0.198600 -0.999391 0.000000 -0.034899 -25.819300 0.000000 0.000000 0.000000 1.000000
-0.052336 0.000000 0.998630 -4.507300 0.000000 1.000000 0.000000 0.198600 -0.998630 0.000000 -0.052336 -25.819300 0.000000 0.000000 0.000000 1.000000
-0.069756 0.000000 0.997564 -4.507300 0.000000 1.000000 0.000000 0.198600 -0.997564 0.000000 -0.069756 -25.819300 0.000000 0.000000 0.000000 1.000000
-0.087156 0.000000 0.996195 -4.507300 0.000000 1.000000 0.000000 0.198600 -0.996195 0.000000 -0.087156 -25.819300 0.000000 0.000000 0.000000 1.000000
-0.104528 0.000000 0.994522 -4.507300 0.000000 1.000000 0.000000 0.198600 -0.994522 0.000000 -0.104528 -25.819300 0.000000 0.000000 0.000000 1.000000
-0.121869 0.000000 0.992546 -4.507300 0.000000 1.000000 0.000000 0.198600 -0.992546 0.000000 -0.121869 -25.819300 0.000000 0.000000 0.000000 1.000000
-0.139173 0.000000 0.990268 -4.507300 0.000000 1.000000 0.000000 0.198600 -0.990268 0.000000 -0.139173 -25.819300 0.000000 0.000000 0.000000 1.000000
-0.156434 0.000000 0.987688 -4.507300 0.000000 1.000000 0.000000 0.198600 -0.987688 0.000000 -0.156434 -25.819300 0.000000 0.000000 0.000000 1.000000
-0.173648 0.000000 0.984808 -4.507300 0.000000 1.000000 0.000000 0.198600 -0.984808 0.000000 -0.173648 -25.819300 0.000000 0.000000 0.000000 1.000000
-0.190809 0.000000 0.981627 -4.507300 0.000000 1.000000 0.000000 0.198600 -0.981627 0.000000 -0.190809 -25.819300 0.000000 0.000000 0.000000 1.000000
-0.207912 0.000000 0.978148 -4.507300 0.000000 1.000000 0.000000 0.198600 -0.978148 0.000000 -0.207912 -25.819300 0.000000 0.000000 0.000000 1.000000
-0.224951 0.000000 0.974370 -4.507300 0.000000 1.000000 0.000000 0.198600 -0.974370 0.000000 -0.224951 -25.819300 0.000000 0.000000 0.000000 1.000000
-0.241922 0.000000 0.970296 -4.507300 0.000000 1.000000 0.000000 0.198600 -0.970296 0.000000 -0.241922 -25.819300 0.000000 0.000000 0.000000 1.000000
-0.258819 0.000000 0.965926 -4.507300 0.000000 1.000000 0.000000 0.198600 -0.965926 0.000000 -0.258819 -25.819300 0.000000 0.000000 0.000000 1.000000
-0.275637 0.000000 0.961262 -4.507300 0.000000 1.000000 0.000000 0.198600 -0.961262 0.000000 -0.275637 -25.819300 0.000000 0.000000 0.000000 1.000000
-0.292372 0.000000 0.956305 -4.507300 0.000000 1.000000 0.000000 0.198600 -0.956305 0.000000 -0.292372 -25.819300 0.000000 0.000000 0.000000 1.000000
-0.309017 0.000000 0.951057 -4.507300 0.000000 1.000000 0.000000 0.198600 -0.951057 0.000000 -0.309017 -25.819300 0.000000 0.000000 0.000000 1.000000
-0.325568 0.000000 0.945519 -4.507300 0.000000 1.000000 0.000000 0.198600 -0.945519 0.000000 -0.325568 -25.819300 0.000000 0.000000 0.000000 1.000000
-0.342020 0.000000 0.939693 -4.507300 0.000000 1.000000 0.000000 0.198600 -0.939693 0.000000 -0.342020 -25.819300 0.000000 0.000000 0.000000 1.000000
-0.358368 0.000000 0.933580 -4.507300 0.000000 1.000000 0.000000 0.198600 -0.933580 0.000000 -0.358368 -25.819300 0.000000 0.000000 0.000000 1.000000
-0.374607 0.000000 0.927184 -4.507300 0.000000 1.000000 0.000000 0.198600 -0.927184 0.000000 -0.374607 -25.819300 0.000000 0.000000 0.000000 1.000000
-0.390731 0.000000 0.920505 -4.507300 0.000000 1.000000 0.000000 0.198600 -0.920505 0.000000 -0.390731 -25.819300 0.000000 0.000000 0.000000 1.000000
-0.406737 0.000000 0.913545 -4.507300 0.000000 1.000000 0.000000 0.198600 -0.913545 0.000000 -0.406737 -25.819300 0.000000 0.000000 0.000000 1.000000
-0.422618 0.000000 0.906308 -4.507300 0.000000 1.000000 0.000000 0.198600 -0.906308 0.000000 -0.422618 -25.819300 0.000000 0.000000 0.000000 1.000000
-0.438371 0.000000 0.898794 -4.507300 0.000000 1.000000 0.000000 0.198600 -0.898794 0.000000 -0.438371 -25.819300 0.000000 0.000000 0.000000 1.000000
-0.453990 0.000000 0.891007 -4.507300 0.000000 1.000000 0.000000 0.198600 -0.891007 0.000000 -0.453990 -25.819300 0.000000 0.000000 0.000000 1.000000
-0.469472 0.000000 0.882948 -4.507300 0.000000 1.000000 0.000000 0.198600 -0.882948 0.000000 -0.469472 -25.819300 0.000000 0.000000 0.000000 1.000000
-0.484810 0.000000 0.874620 -4.507300 0.000000 1.000000 0.000000 0.198600 -0.874620 0.000000 -0.484810 -25.819300 0.000000 0.000000 0.000000 1.000000
-0.500000 0.000000 0.866025 -4.507300 0.000000 1.000000 0.000000 0.198600 -0.866025 0.000000 -0.500000 -25.819300 0.000000 0.000000 0.000000 1.000000
-0.515038 0.000000 0.857167 -4.507300 0.000000 1.000000 0.000000 0.198600 -0.857167 0.000000 -0.515038 -25.819300 0.000000 0.000000 0.000000 1.000000
-0.529919 0.000000 0.848048 -4.507300 0.000000 1.000000 0.000000 0.198600 -0.848048 0.000000 -0.529919 -25.819300 0.000000 0.000000 0.000000 1.000000
-0.544639 0.000000 0.838671 -4.507300 0.000000 1.000000 0.000000 0.198600 -0.838671 0.000000 -0.544639 -25.819300 0.000000 0.000000 0.000000 1.000000
-0.559193 0.000000 0.829038 -4.507300 0.000000 1.000000 0.000000 0.198600 -0.829038 0.000000 -0.559193 -25.819300 0.000000 0.000000 0.000000 1.000000
-0.573576 0.000000 0.819152 -4.507300 0.000000 1.000000 0.000000 0.198600 -0.819152 0.000000 -0.573576 -25.819300 0.000000 0.000000 0.000000 1.000000
-0.587785 0.000000 0.809017 -4.507300 0.000000 1.000000 0.000000 0.198600 -0.809017 0.000000 -0.587785 -25.819300 0.000000 0.000000 0.000000 1.000000
-0.601815 0.000000 0.798636 -4.507300 0.000000 1.000000 0.000000 0.198600 -0.798636 0.000000 -0.601815 -25.819300 0.000000 0.000000 0.000000 1.000000
-0.615661 0.000000 0.788011 -4.507300 0.000000 1.000000 0.000000 0.198600 -0.788011 0.000000 -0.615661 -25.819300 0.000000 0.000000 0.000000 1.000000
-0.629320 0.000000 0.777146 -4.507300 0.000000 1.000000 0.000000 0.198600 -0.777146 0.000000 -0.629320 -25.819300 0.000000 0.000000 0.000000 1.000000
-0.642788 0.000000 0.766044 -4.507300 0.000000 1.000000 0.000000 0.198600 -0.766044 0.000000 -0.642788 -25.819300 0.000000 0.000000 0.000000 1.000000
-0.656059 0.000000 0.754710 -4.507300 0.000000 1.000000 0.000000 0.198600 -0.754710 0.000000 -0.656059 -25.819300 0.000000 0.000000 0.000000 1.000000
-0.669131 0.000000 0.743145 -4.507300 0.000000 1.000000 0.000000 0.198600 -0.743145 0.000000 -0.669131 -25.819300 0.000000 0.000000 0.000000 1.000000
-0.681998 0.000000 0.731354 -4.507300 0.000000 1.000000 0.000000 0.198600 -0.731354 0.000000 -0.681998 -25.819300 0.000000 0.000000 0.000000 1.000000
-0.694658 0.000000 0.719340 -4.507300 0.000000 1.000000 0.000000 0.198600 -0.719340 0.000000 -0.694658 -25.819300 0.000000 0.000000 0.000000 1.000000
-0.707107 0.000000 0.707107 -4.507300 0.000000 1.000000 0.000000 0.198600 -0.707107 0.000000 -0.707107 -25.819300 0.000000 0.000000 0.000000 1.000000
-0.719340 0.000000 0.694658 -4.507300 0.000000 1.000000 0.000000 0.198600 -0.694658 0.000000 -0.719340 -25.819300 0.000000 0.000000 0.000000 1.000000
-0.731354 0.000000 0.681998 -4.507300 0.000000 1.000000 0.000000 0.198600 -0.681998 0.000000 -0.731354 -25.819300 0.000000 0.000000 0.000000 1.000000
-0.743145 0.000000 0.669131 -4.507300 0.000000 1.000000 0.000000 0.198600 -0.669131 0.000000 -0.743145 -25.819300 0.000000 0.000000 0.000000 1.000000
-0.754710 0.000000 0.656059 -4.507300 0.000000 1.000000 0.000000 0.198600 -0.656059 0.000000 -0.754710 -25.819300 0.000000 0.000000 0.000000 1.000000
-0.766044 0.000000 0.642788 -4.507300 0.000000 1.000000 0.000000 0.198600 -0.642788 0.000000 -0.766044 -25.819300 0.000000 0.000000 0.000000 1.000000
-0.777146 0.000000 0.629320 -4.507300 0.000000 1.000000 0.000000 0.198600 -0.629320 0.000000 -0.777146 -25.819300 0.000000 0.000000 0.000000 1.000000
-0.788011 0.000000 0.615661 -4.507300 0.000000 1.000000 0.000000 0.198600 -0.615661 0.000000 -0.788011 -25.819300 0.000000 0.000000 0.000000 1.000000
-0.798636 0.000000 0.601815 -4.507300 0.000000 1.000000 0.000000 0.198600 -0.601815 0.000000 -0.798636 -25.819300 0.000000 0.000000 0.000000 1.000000
-0.809017 0.000000 0.587785 -4.507300 0.000000 1.000000 0.000000 0.198600 -0.587785 0.000000 -0.809017 -25.819300 0.000000 0.000000 0.000000 1.000000
-0.819152 0.000000 0.573576 -4.507300 0.000000 1.000000 0.000000 0.198600 -0.573576 0.000000 -0.819152 -25.819300 0.000000 0.000000 0.000000 1.000000
-0.829038 0.000000 0.559193 -4.507300 0.000000 1.000000 0.000000 0.198600 -0.559193 0.000000 -0.829038 -25.819300 0.000000 0.000000 0.000000 1.000000
-0.838671 0.000000 0.544639 -4.507300 0.000000 1.000000 0.000000 0.198600 -0.544639 0.000000 -0.838671 -25.819300 0.000000 0.000000 0.000000 1.000000
-0.848048 0.000000 0.529919 -4.507300 0.000000 1.000000 0.000000 0.198600 -0.529919 0.000000 -0.848048 -25.819300 0.000000 0.000000 0.000000 1.000000
-0.857167 0.000000 0.515038 -4.507300 0.000000 1.000000 0.000000 0.198600 -0.515038 0.000000 -0.857167 -25.819300 0.000000 0.000000 0.000000 1.000000
-0.866025 0.000000 0.500000 -4.507300 0.000000 1.000000 0.000000 0.198600 -0.500000 0.000000 -0.866025 -25.819300 0.000000 0.000000 0.000000 1.000000
-0.874620 0.000000 0.484810 -4.507300 0.000000 1.000000 0.000000 0.198600 -0.484810 0.000000 -0.874620 -25.819300 0.000000 0.000000 0.000000 1.000000
